File	Component_MembraneAverage_S11	Component_MembraneAverage_S22	Component_MembraneAverage_S33	Component_MembraneAverage_S12	Component_MembraneAverage_S13	Component_MembraneAverage_S23	Component_MembranePlusBending_Point1_S11	Component_MembranePlusBending_Point1_S22	Component_MembranePlusBending_Point1_S33	Component_MembranePlusBending_Point1_S12	Component_MembranePlusBending_Point1_S13	Component_MembranePlusBending_Point1_S23	Invariant_MembraneAverage_MaxPrin	Invariant_MembraneAverage_MidPrin	Invariant_MembraneAverage_MinPrin	Invariant_MembraneAverage_TrescaStress	Invariant_MembraneAverage_MisesStress	Invariant_MembranePlusBending_Point1_MaxPrin	Invariant_MembranePlusBending_Point1_MidPrin	Invariant_MembranePlusBending_Point1_MinPrin	Invariant_MembranePlusBending_Point1_TrescaStress	Invariant_MembranePlusBending_Point1_MisesStress
1	17.4901	17.6321	7.25437	-8.61284	4.70804	-1.78358	44.4766	51.2254	32.5427	-25.9498	11.9133	-8.63472	27.2374	10.0194	5.11977	22.1176	20.1203	78.5163	29.3208	20.4075	58.1088	54.2046
2	4.40602	18.3988	1.13634	-2.52789	-0.205382	-1.0436	7.98098	64.5513	20.2575	-3.36042	-0.90392	-4.81372	18.8969	4.01301	1.03118	17.8658	16.5772	65.2524	19.8709	7.66657	57.5858	52.5574
3	5.2603	17.0839	1.40704	-6.16924	-0.495051	-1.13155	12.1517	57.2142	16.5785	-16.2522	1.35954	-2.93084	19.7558	3.09495	0.900525	18.8553	17.8595	62.6871	16.3716	6.88555	55.8016	51.7152
4	4.98893	17.8709	0.871469	-4.33667	0.1496	-1.76284	11.1448	56.8371	13.4627	-12.482	1.67483	-3.39885	19.3567	3.7106	0.663999	18.6927	17.371	60.3179	13.2834	7.84329	52.4746	49.9772
5	4.02279	18.4691	0.695495	-1.96546	0.155225	-2.17944	8.10616	57.9182	12.1203	-4.56933	1.9578	-3.23214	18.9917	3.76552	0.430177	18.5615	17.139	58.5824	12.4462	7.11602	51.4664	49.0191
6	3.83308	22.4693	0.0547411	-1.62107	-0.0212073	-3.11545	6.88413	65.9397	13.2233	-3.25902	-0.0243844	-4.25808	23.0282	3.71318	-0.384262	23.4125	21.6565	66.4584	12.8946	6.69411	59.7643	56.9179
7	4.31561	19.5289	-1.24142	-2.59304	1.8025	-3.09944	8.76281	55.5542	10.7727	-6.80337	0.619463	-4.29261	20.4785	4.15063	-2.02606	22.5046	20.1396	56.9308	10.3652	7.79367	49.1372	47.9032
8	4.40776	18.2534	-2.78033	-0.334637	-0.381693	-3.12005	8.67148	56.7302	10.655	-0.122816	-0.0689298	-3.42226	18.7118	4.42609	-3.25705	21.9688	19.3099	56.9833	10.4057	8.6677	48.3156	47.4705
9	5.34922	19.1564	-3.23799	-3.64943	-0.286451	-3.23149	10.837	58.7837	11.2111	-8.29197	0.422613	-3.57874	20.4599	4.57639	-3.76862	24.2285	21.3184	60.4404	10.9683	9.42318	51.0172	50.2625
10	1.72607	19.4628	-2.22809	-1.29482	-3.2134	-2.71236	5.27952	51.3979	7.20744	-2.68021	-1.63588	-3.43082	19.842	3.51972	-4.40097	24.243	21.4112	51.8023	8.08519	3.99739	47.8049	45.8977
11	3.08979	14.3563	-2.49902	-0.436633	-2.09123	-2.88518	6.34676	31.4385	0.441906	-5.63231	-0.954656	-3.23128	14.8371	3.76471	-3.65479	18.4919	16.1183	32.9153	5.61235	-0.300502	33.2158	30.6896
12	3.46856	13.723	-2.52577	0.460904	2.29487	2.66249	6.91187	30.8473	0.360662	-4.13612	1.74987	3.38802	14.2119	4.08596	-3.63211	17.844	15.5002	31.8396	6.96604	-0.685812	32.5255	29.4546
13	2.0484	19.4276	-3.46953	-1.66834	1.69047	3.17843	3.93416	51.4082	5.06565	-4.70761	1.32082	4.90729	19.9748	2.49581	-4.46418	24.439	21.8085	52.3493	5.89968	2.15902	50.1903	48.4285
14	2.58712	21.1942	-1.82867	-0.741514	3.17176	1.92508	7.12526	59.4638	9.93941	-0.545855	0.791588	1.65962	21.3665	4.24066	-3.65445	25.0209	22.1548	59.5245	10.1034	6.90054	52.624	51.0979
15	3.87751	19.5612	-3.34506	-2.41608	-0.225285	3.3614	7.11659	54.5752	8.8733	-4.69766	-0.213277	4.34293	20.3998	3.52395	-3.83009	24.2299	21.517	55.4408	8.49239	6.63192	48.8088	47.9057
16	4.32282	19.5452	-0.753015	-1.84474	0.581626	2.11579	9.8052	58.7041	10.9036	-3.6595	-1.76714	1.84347	19.9653	4.23314	-1.08339	21.0487	18.958	59.0571	11.9254	8.43038	50.6268	48.9728
17	4.31955	17.8571	-0.723361	-0.402996	-0.118257	2.5915	8.96396	53.1582	9.39096	-0.367951	-1.45202	3.56764	18.2242	4.30787	-1.07876	19.3029	17.2523	53.4524	10.4497	7.61107	45.8414	44.49
18	4.08101	20.1834	0.820508	-2.85401	0.221193	1.70295	9.0198	62.322	12.846	-6.80453	-1.35748	1.79513	20.8091	3.67532	0.600524	20.2086	18.8601	63.2524	13.0294	7.90591	55.3465	52.9709
19	4.72772	17.1093	0.679057	-3.13739	0.453598	1.13944	10.8276	58.739	16.0865	-7.55676	0.403851	4.08883	17.9173	4.11994	0.478768	17.4386	15.9331	60.2614	15.894	9.49771	50.7637	47.887
20	4.45494	16.5211	0.972152	-0.967962	0.376716	0.901113	8.2134	61.0869	19.2062	-0.305326	1.37305	5.26509	16.6464	4.43451	0.867271	15.7792	14.3324	61.739	18.7407	8.02685	53.7121	49.2374
21	4.32353	17.4524	0.955583	-1.84835	0.0121135	1.11035	9.80466	62.143	20.8656	1.04018	2.81604	6.33052	17.7794	4.07664	0.87551	16.9039	15.5524	63.1314	20.5572	9.12463	54.0068	49.295
22	10.8289	20.6772	4.31299	-6.22913	-3.07444	1.8665	24.102	65.3398	28.7757	-17.4633	-8.85943	10.6688	24.1584	8.59404	3.06666	21.0918	18.9429	75.4303	27.2114	15.5757	59.8545	54.9682
